Xmax	Counts	CountsSqrt
480.0	0	0.0
492.0	0	0.0
504.0	0	0.0
516.0	0	0.0
528.0	0	0.0
540.0	0	0.0
552.0	0	0.0
564.0	0	0.0
576.0	0	0.0
588.0	0	0.0
600.0	0	0.0
612.0	0	0.0
624.0	0	0.0
636.0	0	0.0
648.0	0	0.0
660.0	0	0.0
672.0	1	1.0
684.0	0	0.0
696.0	1	1.0
708.0	3	1.7320508075688772
720.0	5	2.23606797749979
732.0	11	3.3166247903554
744.0	11	3.3166247903554
756.0	11	3.3166247903554
768.0	5	2.23606797749979
780.0	8	2.8284271247461903
792.0	8	2.8284271247461903
804.0	4	2.0
816.0	1	1.0
828.0	2	1.4142135623730951
840.0	0	0.0
852.0	0	0.0
864.0	0	0.0
876.0	1	1.0
888.0	0	0.0
900.0	0	0.0
912.0	0	0.0
924.0	0	0.0
936.0	0	0.0
948.0	0	0.0
960.0	0	0.0
972.0	0	0.0
984.0	0	0.0
996.0	0	0.0
1008.0	0	0.0
1020.0	0	0.0
1032.0	0	0.0
1044.0	1	1.0
1056.0	0	0.0
1068.0	0	0.0
