Xmax	Counts	CountsSqrt
480.0	0	0.0
492.0	0	0.0
504.0	0	0.0
516.0	0	0.0
528.0	0	0.0
540.0	1	1.0
552.0	0	0.0
564.0	1	1.0
576.0	1	1.0
588.0	2	1.4142135623730951
600.0	2	1.4142135623730951
612.0	8	2.8284271247461903
624.0	11	3.3166247903554
636.0	26	5.0990195135927845
648.0	44	6.6332495807108
660.0	74	8.602325267042627
672.0	79	8.888194417315589
684.0	84	9.16515138991168
696.0	81	9.0
708.0	70	8.366600265340756
720.0	56	7.483314773547883
732.0	80	8.94427190999916
744.0	48	6.928203230275509
756.0	54	7.3484692283495345
768.0	25	5.0
780.0	37	6.082762530298219
792.0	21	4.58257569495584
804.0	18	4.242640687119285
816.0	15	3.872983346207417
828.0	14	3.7416573867739413
840.0	10	3.1622776601683795
852.0	8	2.8284271247461903
864.0	4	2.0
876.0	5	2.23606797749979
888.0	1	1.0
900.0	2	1.4142135623730951
912.0	1	1.0
924.0	2	1.4142135623730951
936.0	0	0.0
948.0	1	1.0
960.0	0	0.0
972.0	0	0.0
984.0	0	0.0
996.0	0	0.0
1008.0	0	0.0
1020.0	0	0.0
1032.0	0	0.0
1044.0	0	0.0
1056.0	0	0.0
1068.0	0	0.0
