Xmax	Counts	CountsSqrt
480.0	0	0.0
492.0	0	0.0
504.0	0	0.0
516.0	0	0.0
528.0	0	0.0
540.0	0	0.0
552.0	0	0.0
564.0	0	0.0
576.0	0	0.0
588.0	0	0.0
600.0	0	0.0
612.0	0	0.0
624.0	0	0.0
636.0	3	1.7320508075688772
648.0	3	1.7320508075688772
660.0	8	2.8284271247461903
672.0	11	3.3166247903554
684.0	19	4.358898943540674
696.0	23	4.795831523312719
708.0	39	6.244997998398398
720.0	34	5.830951894845301
732.0	33	5.744562646538029
744.0	28	5.291502622129181
756.0	17	4.123105625617661
768.0	20	4.47213595499958
780.0	22	4.69041575982343
792.0	13	3.605551275463989
804.0	16	4.0
816.0	11	3.3166247903554
828.0	7	2.6457513110645907
840.0	5	2.23606797749979
852.0	4	2.0
864.0	2	1.4142135623730951
876.0	0	0.0
888.0	1	1.0
900.0	0	0.0
912.0	0	0.0
924.0	1	1.0
936.0	1	1.0
948.0	0	0.0
960.0	1	1.0
972.0	0	0.0
984.0	0	0.0
996.0	0	0.0
1008.0	0	0.0
1020.0	1	1.0
1032.0	0	0.0
1044.0	0	0.0
1056.0	1	1.0
1068.0	0	0.0
